Cu       2.600000040   2.600000040   2.600000040    0   0   0
Cu       5.571648772   4.922125318   1.797418969
Cu       0.785351474  -0.160919872   4.014035615
Cu       3.934024836   4.527447005   5.488533638
Cu       2.600000040   2.600000040   2.600000040    0   0   0
Cu       5.705218317   5.030947225   1.746194029
Cu       0.642172945  -0.367106091   4.125498722
Cu       3.992367316   4.617641585   5.648577273
Cu       2.600000040   2.600000040   2.600000040    0   0   0
Cu       5.829172983   5.142487592   1.720611023
Cu       0.527391054  -0.524929756   4.215854469
Cu       4.058082731   4.703234845   5.774617818
Cu       2.600000040   2.600000040   2.600000040    0   0   0
Cu       5.914245334   5.228180537   1.721184467
Cu       0.452376209  -0.621945775   4.274982774
Cu       4.114327198   4.765849212   5.845452817
Cu       2.600000040   2.600000040   2.600000040    0   0   0
Cu       5.962599935   5.285377709   1.738152582
Cu       0.411436765  -0.669117525   4.306870198
Cu       4.157161602   4.805892615   5.872261607
Cu       2.600000040   2.600000040   2.600000040    0   0   0
Cu       5.994049245   5.332266547   1.767438973
Cu       0.386679530  -0.690828933   4.325714445
Cu       4.197412178   4.837345556   5.875496291
Cu       2.600000040   2.600000040   2.600000040    0   0   0
Cu       6.032006140   5.399929301   1.822963601
Cu       0.359693588  -0.705087022   4.345075205
Cu       4.259917710   4.881496085   5.863622771
Cu       2.600000040   2.600000040   2.600000040    0   0   0
Cu       6.066647785   5.479448744   1.903036271
Cu       0.341198589  -0.696179059   4.355838433
Cu       4.337434354   4.930601490   5.829180903
Cu       2.600000040   2.600000040   2.600000040    0   0   0
Cu       6.066097769   5.494867390   1.925001045
Cu       0.350381859  -0.669925548   4.345802517
Cu       4.352340958   4.935787284   5.810065357
Cu       2.600000040   2.600000040   2.600000040    0   0   0
Cu       6.050834492   5.490287223   1.926196560
Cu       0.376501378  -0.620910014   4.320773502
Cu       4.344487124   4.922903819   5.793868543
Cu       2.600000040   2.600000040   2.600000040    0   0   0
Cu       6.051308166   5.492763042   1.919593638
Cu       0.378299140  -0.613610709   4.317150168
Cu       4.341597849   4.920817265   5.799070018
Cu       2.600000040   2.600000040   2.600000040    0   0   0
Cu       6.054091006   5.502682349   1.916010185
Cu       0.379056995  -0.601945155   4.312674532
Cu       4.343140235   4.921029217   5.803671054
Cu       2.600000040   2.600000040   2.600000040    0   0   0
Cu       6.060364974   5.520331274   1.914703637
Cu       0.375196585  -0.591712584   4.310226712
Cu       4.349469164   4.924624672   5.809696738
Cu       2.600000040   2.600000040   2.600000040    0   0   0
Cu       6.068318802   5.547339784   1.915427679
Cu       0.366290661  -0.579320887   4.308386247
Cu       4.360372277   4.930270159   5.815973634
Cu       2.600000040   2.600000040   2.600000040    0   0   0
Cu       6.069481584   5.560895639   1.916182299
Cu       0.359466717  -0.573415683   4.307921103
Cu       4.365382944   4.931689837   5.817013934
Cu       2.600000040   2.600000040   2.600000040    0   0   0
Cu       6.068134990   5.575823299   1.916348964
Cu       0.350225729  -0.566039723   4.307221337
Cu       4.369907956   4.931532372   5.817065569
Cu       2.600000040   2.600000040   2.600000040    0   0   0
Cu       6.063281940   5.597765783   1.915644271
Cu       0.334459341  -0.554653202   4.306197075
Cu       4.375428480   4.929480817   5.816282693
Cu       2.600000040   2.600000040   2.600000040    0   0   0
Cu       6.052723002   5.629707952   1.913271618
Cu       0.309071373  -0.537074903   4.304569664
Cu       4.382081442   4.924327141   5.814425619
Cu       2.600000040   2.600000040   2.600000040    0   0   0
Cu       6.032677108   5.675882820   1.908247161
Cu       0.269236756  -0.509992939   4.301945966
Cu       4.390016538   4.914122317   5.810785528
Cu       2.600000040   2.600000040   2.600000040    0   0   0
Cu       5.996862574   5.742170096   1.899218357
Cu       0.207577934  -0.468622512   4.297744826
Cu       4.399679694   4.895997375   5.804406671
Cu       2.600000040   2.600000040   2.600000040    0   0   0
Cu       5.932826935   5.834156479   1.883880183
Cu       0.113153581  -0.405430543   4.290905698
Cu       4.410188377   4.864368287   5.793022030
Cu       2.600000040   2.600000040   2.600000040    0   0   0
Cu       5.889677433   5.867193739   1.875214005
Cu       0.068076223  -0.373236384   4.286350023
Cu       4.410749718   4.844869038   5.785925120
Cu       2.600000040   2.600000040   2.600000040    0   0   0
Cu       5.833164866   5.888002638   1.864667208
Cu       0.022282373  -0.340707325   4.281469675
Cu       4.407918150   4.822498817   5.780908634
Cu       2.600000040   2.600000040   2.600000040    0   0   0
Cu       5.772409035   5.879809074   1.854121518
Cu      -0.008708062  -0.318255410   4.277726867
Cu       4.400881997   4.804056076   5.783708616
Cu       2.600000040   2.600000040   2.600000040    0   0   0
Cu       5.740218850   5.868921509   1.848565276
Cu      -0.021384966  -0.309100644   4.276896109
Cu       4.399717070   4.799662036   5.794676577
Cu       2.600000040   2.600000040   2.600000040    0   0   0
Cu       5.708208709   5.848774901   1.846549365
Cu      -0.027952359  -0.303392232   4.277868657
Cu       4.405444052   4.805974076   5.819431766
Cu       2.600000040   2.600000040   2.600000040    0   0   0
Cu       5.700453591   5.875561257   1.847957677
Cu      -0.046158667  -0.286393514   4.276555791
Cu       4.417254628   4.808561017   5.825330036
Cu       2.600000040   2.600000040   2.600000040    0   0   0
Cu       5.695637591   5.904839097   1.855893131
Cu      -0.061103657  -0.266651632   4.274549018
Cu       4.434192187   4.815620061   5.829382647
Cu       2.600000040   2.600000040   2.600000040    0   0   0
Cu       5.686989984   5.914721994   1.857523424
Cu      -0.070784362  -0.257667843   4.273705048
Cu       4.438212607   4.814492928   5.828687521
Cu       2.600000040   2.600000040   2.600000040    0   0   0
Cu       5.675320563   5.921949474   1.858346082
Cu      -0.080711713  -0.248437212   4.272738789
Cu       4.440608205   4.811847473   5.827858413
Cu       2.600000040   2.600000040   2.600000040    0   0   0
Cu       5.670294078   5.925363861   1.858008189
Cu      -0.085430132  -0.244530451   4.272496289
Cu       4.441231487   4.810320449   5.828059168
Cu       2.600000040   2.600000040   2.600000040    0   0   0
Cu       5.670294078   5.925363861   1.858008189
Cu      -0.085430132  -0.244530451   4.272496289
Cu       4.441231487   4.810320449   5.828059168
